1.0
1.0
1.0
1.0
1.0
1.0
1.0
1.0
1.0
1.0
1.0
1.0
1.0
1.0
1.0
1.0
1.0
1.0
1.0
1.0
1.0
1.0
1.0
1.0
1.0
1.0
1.0
1.0
1.0
1.0
1.0
1.0
1.0
1.0
1.0
1.0
1.0
1.0
1.0
1.0
1.0
1.0
1.0
1.0
1.0
1.0
1.0
1.0
1.0
1.0
1.0
0.069
0.08
0.075
0.074
0.078
0.074
0.077
0.082
0.083
0.073
0.082
0.071
0.069
0.053
0.073
0.057
0.062
0.076
0.076
0.054
0.067
0.052
0.058
0.061
0.06
0.065
0.062
0.065
0.07
0.063
0.075
0.052
0.061
0.066
0.062
0.052
0.053
0.044
0.06
0.055
0.058
0.063
0.051
0.06
0.059
0.051
0.067
0.059
0.056
0.066
0.06
0.052
0.056
0.052
0.049
0.049
0.061
0.069
0.052
0.052
0.056
0.047
0.068
0.057
0.052
0.053
0.054
0.053
0.079
0.044
0.05
0.041
0.059
0.062
0.047
0.056
0.054
0.053
0.059
0.05
0.049
0.057
0.047
0.037
0.056
0.049
0.055
0.045
0.046
0.05
0.059
0.052
0.056
0.045
0.072
0.063
0.058
0.048
0.047
0.046
0.05
0.049
0.048
0.041
0.05
0.064
0.055
0.05
0.044
0.051
0.043
0.05
0.05
0.059
0.043
0.052
0.052
0.05
0.059
0.044
0.05
0.047
0.055
0.038
0.049
0.055
0.045
0.057
0.057
0.048
0.046
0.051
0.05
0.048
0.045
0.052
0.051
0.041
0.048
0.054
0.045
0.049
0.054
0.054
0.056
0.043
0.049
0.049
0.052
0.052
0.073
0.072
0.069
0.068
0.071
0.101
0.087
0.076
0.098
0.088
0.058
0.099
0.087
0.099
0.096
0.088
0.098
0.111
0.105
0.083
0.085
0.107
0.09
0.098
0.108
0.112
0.099
0.1
0.128
0.112
0.109
0.1
0.108
0.108
0.114
0.091
0.126
0.117
0.107
0.118
0.1
0.101
0.115
0.12
0.079
0.118
0.12
0.103
0.104
0.107
0.12
0.119
0.139
0.097
0.106
0.111
0.115
0.109
0.102
0.092
0.104
0.092
0.104
0.116
0.102
0.102
0.101
0.097
0.101
0.105
0.105
0.115
0.104
0.101
0.081
0.105
0.086
0.101
0.079
0.083
0.079
0.108
0.093
0.086
0.108
0.08
0.083
0.078
0.086
0.074
0.079
0.063
0.067
0.057
0.066
0.065
0.061
0.068
0.06
0.044
0.04
0.04
0.032
0.043
0.049
0.046
0.038
0.043
0.039
0.037
0.042
0.043
0.04
0.041
0.036
0.031
0.039
0.041
0.039
0.035
0.042
0.033
0.042
0.043
0.038
0.046
0.055
0.03
0.038
0.035
0.042
0.029
0.039
0.039
0.039
0.037
0.031
0.038
0.041
0.036
0.041
0.036
0.036
0.037
0.027
0.036
0.035
0.037
0.041
0.033
0.044
0.035
0.034
0.036
0.036
0.038
0.029
0.046
0.038
0.026
0.04
0.037
0.041
0.036
0.03
0.043
0.032
0.041
0.033
0.042
0.029
0.032
0.035
0.035
0.031
0.039
0.033
0.03
0.031
0.032
0.028
0.033
0.04
0.036
0.039
0.027
0.035
0.034
0.043
0.042
0.026
0.036
0.038
0.037
0.032
0.031
0.041
0.03
0.038
0.032
0.024
0.03
0.038
0.033
0.036
0.035
0.037
0.032
0.033
0.037
0.033
0.04
0.036
0.033
0.022
0.028
0.033
0.032
0.027
0.033
0.038
0.024
0.04
0.032
0.029
0.039
0.027
0.029
0.037
0.046
0.026
0.034
0.026
0.03
0.028
0.026
0.039
0.027
0.034
0.027
0.032
0.026
0.032
0.03
0.033
0.027
0.029
0.035
0.025
0.037
0.029
0.027
0.034
0.035
0.033
0.033
0.031
0.039
0.03
0.047
0.048
0.039
0.039
0.033
0.032
0.03
0.032
0.04
0.042
0.037
0.034
0.033
0.032
0.03
0.03
0.034
0.034
0.035
0.037
0.034
0.039
0.032
0.039
0.036
0.025
0.029
0.023
0.023
0.039
0.036
0.034
0.037
0.035
0.035
0.03
0.03
0.038
0.04
0.033
0.03
0.037
0.022
0.023
0.028
0.02
0.035
0.025
0.03
0.033
0.03
0.021
0.026
0.017
0.029
0.026
0.028
0.032
0.028
0.031
0.029
0.027
0.025
0.032
0.023
0.025
0.021
0.023
0.022
0.019
0.026
0.029
0.025
0.018
0.029
0.025
0.011
0.02
0.029
0.016
0.022
0.026
0.022
0.018
0.022
0.014
0.021
0.018
0.019
0.016
0.018
0.019
0.019
0.024
0.023
0.012
0.026
0.015
0.017
0.018
0.014
0.023
0.019
0.017
0.019
0.015
0.022
0.016
0.02
0.019
0.026
0.013
0.02
0.017
0.018
0.021
0.019
0.019
0.021
0.022
0.013
0.013
0.014
0.014
0.022
0.013
0.012
0.021
0.02
0.014
0.015
0.014
0.019
0.018
0.017
0.016
0.017
0.019
0.015
0.021
0.013
0.014
0.02
0.023
0.015
0.017
0.014
0.01
0.012
0.017
0.014
0.015
0.007
0.019
0.018
0.014
0.013
0.015
0.015
0.007
0.018
0.017
0.014
0.014
0.017
0.007
0.011
0.02
0.016
0.014
0.016
0.014
0.016
0.019
0.018
0.02
0.013
0.017
0.012
0.009
0.006
0.014
0.016
0.012
0.016
0.016
0.018
0.01
0.009
0.011
0.016
0.02
0.02
0.014
0.012
0.013
0.021
0.012
0.012
0.005
0.017
0.009
0.017
0.017
0.014
0.014
0.014
0.011
0.016
0.011
0.016
0.018
0.017
0.009
0.013
0.014
0.019
0.013
0.015
0.013
0.01
0.017
0.014
0.012
0.012
0.018
0.012
0.01
0.012
0.015
0.018
0.012
0.02
0.013
0.011
0.015
0.011
0.01
0.014
0.013
0.015
0.011
0.014
0.011
0.01
0.009
0.01
0.009
0.014
0.009
0.02
0.015
0.011
0.011
0.004
0.011
0.011
0.011
0.011
0.008
0.008
0.01
0.013
0.006
0.011
0.013
0.009
0.013
0.009
0.007
0.007
0.013
0.015
0.01
0.018
0.01
0.009
0.011
0.012
0.007
0.016
0.008
0.011
0.007
0.009
0.01
0.011
0.011
0.008
0.011
0.013
0.007
0.015
0.008
0.012
0.011
0.009
0.009
0.013
0.01
0.007
0.012
0.012
0.007
0.012
0.011
0.011
0.005
0.004
0.015
0.003
0.006
0.013
0.008
0.008
0.007
0.007
0.005
0.01
0.006
0.008
0.01
0.008
0.014
0.005
0.005
0.008
0.009
0.011
0.003
0.008
0.004
0.014
0.006
0.007
0.009
0.009
0.009
0.011
0.007
0.007
0.005
0.006
0.004
0.005
0.008
0.006
0.008
0.009
0.004
0.005
0.008
0.01
0.004
0.007
0.009
0.008
0.007
0.001
0.01
0.005
0.004
0.007
0.004
0.005
0.006
0.01
0.007
0.005
0.004
0.011
0.012
0.002
0.008
0.005
0.009
0.009
0.007
0.005
0.007
0.008
0.005
0.005
0.012
0.008
0.005
0.006
0.01
0.011
0.007
0.005
0.009
0.006
0.002
0.006
0.005
0.009
0.005
0.003
0.005
0.005
0.002
0.004
0.009
0.009
0.008
0.005
0.005
0.002
0.004
0.005
0.003
0.009
0.006
0.005
0.004
0.003
0.009
0.007
0.009
0.005
0.004
0.005
0.003
0.003
0.005
0.003
0.003
0.005
0.006
0.005
0.005
0.006
0.004
0.006
0.006
0.007
0.001
0.006
0.005
0.005
0.007
0.001
0.007
0.004
0.005
0.002
0.003
0.006
0.001
0.01
0.005
0.009
0.003
0.003
0.006
0.005
0.004
0.007
0.005
0.004
0.008
0.003
0.002
0.003
0.005
0.004
0.005
0.002
0.004
0.004
0.002
0.007
0.008
0.008
0.005
0.001
0.005
0.001
0.002
0.003
0.003
0.007
0.007
0.0
0.007
0.003
0.004
0.005
0.005
0.002
0.007
0.005
0.003
0.003
0.002
0.003
0.006
0.003
0.006
0.001
0.005
0.004
0.006
0.002
0.007
0.002
0.002
0.002
0.006
0.002
0.001
0.006
0.004
0.003
0.008
0.005
0.004
0.002
0.002
0.006
0.002
0.002
0.001
0.002
0.001
0.001
0.003
0.004
0.0
0.002
0.001
0.0
0.003
0.002
0.002
0.006
0.004
0.001
0.006
0.0
0.005
0.003
0.008
0.003
0.003
0.002
0.004
0.003
0.002
0.007
0.003
0.005
0.002
0.002
0.003
0.001
0.001
0.006
0.001
0.003
0.004
0.0
0.003
0.005
0.003
0.003
0.006
0.002
0.005
0.001
0.005
0.001
0.0
0.004
0.003
0.0
0.005
0.002
0.001
0.003
0.003
0.002
0.004
0.004
0.002
0.001
0.002
0.004
0.002
0.001
0.005
0.0
0.0
0.002
0.0
0.002
0.001
0.002
0.001
0.0
0.002
0.002
0.001
0.0
0.001
0.0
0.004
0.001
0.0
0.002
0.003
0.002
0.001
0.001
0.004
0.001
0.001
0.006
0.004
0.001
0.001
0.002
0.004
0.002
0.001
0.001
0.002
0.002
0.0
0.003
0.001
0.002
0.002
0.003
0.0
0.003
0.002
0.003
0.001
0.002
0.002
0.0
0.002
0.001
0.001
0.0
0.001
0.006
0.0
0.002
0.002
0.001
0.003
0.001
0.003
0.0
0.002
0.003
0.003
0.0
0.001
0.002
0.001
0.001
0.002
0.001
0.002
0.0
0.001
0.003
0.002
0.002
0.001
0.004
0.001
0.003
0.005
0.002
0.0
0.001
0.0
0.0
0.002
0.001
0.0
0.002
0.0
0.002
0.0
0.0
0.004
0.001
0.0
0.002
0.0
0.003
0.001
0.0
0.002
0.001
0.001
0.0
0.001
0.002
0.0
0.003
0.001
0.001
0.001
0.001
0.002
0.002
0.0
0.002
0.004
0.002
0.003
0.0
0.002
0.002
0.003
0.003
0.0
0.0
0.0
0.001
0.001
0.001
0.003
0.001
0.002
0.002
0.001
0.003
0.001
0.002
0.001
0.0
0.001
0.0
0.0
0.0
0.002
0.0
0.002
0.0
0.0
0.0
0.002
0.004
0.001
0.001
0.004
0.0
0.0
0.0
0.001
0.002
0.002
0.001
0.002
0.002
0.001
0.001
0.0
0.0
0.0
0.0
0.0
0.0
0.0
0.001
0.003
0.002
0.002
0.001
0.0
0.001
0.0
0.001
0.0
0.0
0.001
0.001
0.001
0.0
0.0
0.0
0.0
0.0
0.0
0.001
0.0
0.001
0.001
0.0
0.0
0.0
0.001
0.002
0.001
0.0
0.002
0.002
0.0
0.0
0.001
0.002
0.0
0.0
0.0
0.001
0.001
0.0
0.0
0.0
0.0
0.0
0.001
0.0
0.0
0.001
0.0
0.0
0.0
0.001
0.0
0.0
0.001
0.001
0.0
0.001
0.0
0.0
0.0
0.0
0.001
0.002
0.0
0.0
0.0
0.001
0.0
0.0
0.002
0.0
0.0
0.0
0.002
0.0
0.001
0.0
0.0
0.0
0.0
0.0
0.0
0.001
0.0
0.0
0.001
0.001
0.0
0.0
0.001
0.0
0.0
0.0
0.0
0.0
0.0
0.001
0.0
0.0
0.001
0.0
0.0
0.0
0.0
0.001
0.002
0.001
0.0
0.0
0.0
0.0
0.0
0.002
0.0
0.0
0.001
0.0
0.0
0.001
0.001
0.0
0.0
0.002
0.001
0.0
0.0
0.0
0.0
0.0
0.0
0.0
0.0
0.001
0.0
0.0
0.0
0.0
0.0
0.0
0.0
0.0
0.0
0.0
0.0
0.0
0.001
0.001
0.0
0.0
0.0
0.001
0.0
0.0
0.0
0.0
0.0
0.0
0.0
0.001
0.0
0.0
0.0
0.0
0.001
0.001
0.001
0.0
0.001
0.0
0.0
0.0
0.0
0.002
0.0
0.0
0.0
0.002
0.0
0.0
0.001
0.0
0.002
0.0
0.001
0.0
0.001
0.0
0.0
0.0
0.0
0.0
0.0
0.0
0.0
0.0
0.002
0.0
0.001
0.0
0.001
0.0
0.001
0.001
0.001
0.0
0.0
0.001
0.0
0.0
0.0
0.0
0.0
0.0
0.0
0.0
0.0
0.0
0.0
0.0
0.0
0.0
0.0
0.0
0.001
0.001
0.0
0.0
0.0
0.0
0.0
0.0
0.0
0.0
0.0
0.0
0.0
0.0
0.0
0.0
0.0
0.001
0.001
0.0
0.0
0.0
0.0
0.0
0.0
0.0
0.0
0.0
0.0
0.0
0.0
0.001
0.0
0.0
0.0
0.0
0.0
0.0
0.0
0.0
0.0
0.0
0.0
0.0
0.001
0.0
0.0
0.0
0.0
0.0
0.0
0.0
0.0
0.0
0.0
0.001
0.0
0.0
0.0
0.0
0.0
0.0
0.0
0.0
0.0
0.0
0.0
0.001
0.0
0.0
0.001
0.0
0.0
0.0
0.0
0.0
0.0
0.0
0.0
0.0
0.0
0.0
0.0
0.0
0.0
0.0
0.0
0.001
0.0
0.0
0.0
0.0
0.0
0.0
0.0
0.0
0.0
0.0
0.0
0.0
0.0
0.0
0.0
0.0
0.001
0.0
0.0
0.0
0.0
0.0
0.0
0.001
0.0
0.001
0.0
0.0
0.0
0.0
0.0
0.0
0.0
0.0
0.0
0.0
0.0
0.0
0.0
0.0
0.0
0.0
0.0
0.0
0.0
0.0
0.0
0.001
0.0
0.0
0.0
0.0
0.0
0.0
0.0
0.0
0.0
0.0
0.0
0.0
0.0
0.0
0.0
0.0
0.0
0.0
0.0
0.0
0.0
0.0
0.0
0.0
0.0
0.001
0.0
0.0
0.0
0.0
0.0
0.0
0.0
0.0
0.0
0.0
0.0
0.0
0.0
0.0
0.0
0.0
0.0
0.0
0.0
0.0
0.0
0.0
0.0
0.0
0.0
0.0
0.0
0.0
0.0
0.0
0.0
0.0
0.0
0.0
0.0
0.0
0.0
0.0
0.0
0.0
0.0
0.0
0.0
0.0
0.0
0.0
0.0
0.0
0.0
0.0
0.0
0.0
0.0
0.0
0.0
0.0
0.0
0.0
0.0
0.001
0.0
0.0
0.0
0.0
0.0
0.0
0.0
0.0
0.0
0.0
0.0
0.0
0.0
0.0
0.0
0.0
0.0
0.0
0.0
0.0
0.0
0.0
0.0
0.0
0.0
0.0
0.0
0.0
0.001
0.0
0.0
0.0
0.0
0.0
0.0
0.0
0.0
0.0
0.0
0.0
0.0
0.0
0.0
0.0
0.0
0.0
0.0
0.0
0.0
0.0
0.0
0.0
0.0
0.0
0.0
0.0
0.0
0.0
0.0
0.0
0.0
0.001
0.0
0.0
0.0
0.0
0.0
0.0
0.0
0.0
0.0
0.0
0.0
0.0
0.0
0.0
0.0
0.0
0.0
0.0
0.0
0.0
0.0
0.0
0.0
0.0
0.0
0.0
0.0
0.0
0.0
0.0
0.0
0.0
0.0
0.0
0.0
0.0
0.0
0.0
0.0
0.0
0.0
0.0
0.0
0.0
0.0
0.0
0.0
0.0
0.0
0.0
0.0
0.0
0.0
0.0
0.0
0.0
0.0
0.0
0.0
0.0
0.0
0.0
0.0
0.0
0.0
0.0
0.0
0.0
0.0
0.0
0.0
0.0
0.0
0.0
0.0
0.0
0.0
0.0
0.0
0.0
0.0
0.0
0.0
0.0
0.0
0.0
0.0
0.0
0.0
0.0
0.0
0.0
0.0
0.0
0.0
0.0
0.0
0.0
0.0
0.0
0.0
0.0
0.0
0.0
0.0
0.0
0.0
0.0
0.0
0.0
0.0
0.0
0.0
0.0
0.0
0.0
0.0
0.0
0.0
0.0
0.0
0.0
0.0
0.0
0.0
0.0
0.0
0.0
0.0
0.0
0.0
0.0
0.0
0.0
0.0
0.0
0.0
0.0
0.0
0.0
0.0
0.0
0.0
0.0
0.0
0.0
0.0
0.0
0.0
0.0
0.0
0.0
0.0
0.0
0.0
0.0
0.0
0.0
0.0
0.0
0.0
0.0
0.0
0.0
0.0
0.0
0.0
0.0
0.0
0.0
0.0
0.0
0.0
0.0
0.0
0.0
0.0
0.0
0.0
0.0
0.0
0.0
0.0
0.0
0.0
0.0
0.0
0.0
0.0
0.0
0.0
0.0
0.0
0.0
0.0
0.0
0.0
0.0
0.0
0.0
0.0
0.0
0.0
0.0
0.0
0.0
0.0
0.0
0.0
0.0
0.0
0.0
0.0
0.0
0.0
0.0
0.0
0.0
0.0
0.0
0.0
0.0
0.0
0.0
0.0
0.0
0.0
0.0
0.0
0.0
0.0
0.0
0.0
0.0
0.0
0.0
0.0
0.0
0.0
0.0
0.0
0.0
0.0
0.0
0.0
0.0
0.0
0.0
0.0
0.0
0.0
0.0
0.0
0.0
0.0
0.0
0.0
0.0
0.0
0.0
0.0
0.0
0.0
0.0
0.0
0.0
0.0
0.0
0.0
0.0
0.0
0.0
0.0
0.0
0.0
0.0
0.0
0.0
0.0
0.0
0.0
0.0
0.0
0.0
0.0
0.0
0.0
0.0
0.0
0.0
0.0
0.0
0.0
0.0
0.0
0.0
0.0
0.0
0.0
0.0
0.0
0.0
0.0
0.0
0.0
0.0
0.0
0.0
0.0
0.0
0.0
0.0
0.0
0.0
0.0
0.0
0.0
0.0
0.0
0.0
0.0
0.0
0.0
0.0
0.0
0.0
0.0
0.0
0.0
0.0
0.0
0.0
0.0
0.0
0.0
0.0
0.0
0.0
0.0
0.0
0.0
0.0
0.0
0.0
0.0
0.0
0.0
0.0
0.0
0.0
0.0
0.0
0.0
0.0
0.0
0.0
0.0
0.0
0.0
0.0
0.0
0.0
0.0
0.0
0.0
0.0
0.0
0.0
0.0
0.0
0.0
0.0
0.0
0.0
0.0
0.0
0.0
0.0
0.0
0.0
0.0
0.0
0.0
0.0
0.0
0.0
0.0
0.0
0.0
0.0
0.0
0.0
0.0
0.0
0.0
0.0
0.0
0.0
0.0
0.0
0.0
0.0
0.0
0.0
0.0
0.0
0.0
0.0
0.0
0.0
0.0
0.0
0.0
0.0
0.0
0.0
0.0
0.0
0.0
0.0
0.0
0.0
0.0
0.0
0.0
0.0
0.0
0.0
0.0
0.0
0.0
0.0
0.0
0.0
0.0
0.0
0.0
0.0
0.0
0.0
0.0
0.0
0.0
0.0
0.0
0.0
0.0
0.0
0.0
0.0
0.0
0.0
0.0
0.0
0.0
0.0
0.0
0.0
0.0
0.0
0.0
0.0
0.0
0.0
0.0
0.0
0.0
0.0
0.0
0.0
0.0
0.0
0.0
0.0
0.0
0.0
0.0
0.0
0.0
0.0
0.0
0.0
0.0
0.0
0.0
0.0
0.0
0.0
0.0
0.0
0.0
0.0
0.0
0.0
0.0
0.0
0.0
0.0
0.0
0.0
0.0
0.0
0.0
0.0
0.0
0.0
0.0
0.0
0.0
0.0
0.0
0.0
0.0
0.0
0.0
0.0
0.0
0.0
0.0
0.0
0.0
0.0
0.0
0.0
0.0
0.0
0.0
0.0
0.0
0.0
0.0
0.0
0.0
0.0
0.0
0.0
0.0
0.0
0.0
0.0
0.0
0.0
0.0
0.0
0.0
0.0
0.0
0.0
0.0
0.0
0.0
0.0
0.0
0.0
0.0
0.0
0.0
0.0
0.0
0.0
0.0
0.0
0.0
0.0
0.0
0.0
0.0
0.0
0.0
0.0
0.0
0.0
0.0
0.0
0.0
0.0
0.0
0.0
0.0
0.0
0.0
0.0
0.0
0.0
0.0
0.0
0.0
0.0
0.0
0.0
0.0
0.0
0.0
0.0
0.0
0.0
0.0
0.0
0.0
0.0
0.0
0.0
0.0
0.0
0.0
0.0
0.0
0.0
0.0
0.0
0.0
0.0
0.0
0.0
0.0
0.0
0.0
0.0
0.0
0.0
0.0
0.0
0.0
0.0
0.0
0.0
0.0
0.0
0.0
0.0
0.0
0.0
0.0
0.0
0.0
0.0
0.0
0.0
0.0
0.0
0.0
0.0
0.0
0.0
0.0
0.0
0.0
0.0
0.0
0.0
0.0
0.0
0.0
0.0
0.0
0.0
0.0
0.0
0.0
0.0
0.0
0.0
0.0
0.0
0.0
0.0
0.0
0.0
0.0
0.0
0.0
0.0
0.0
0.0
0.0
0.0
0.0
0.0
0.0
0.0
0.0
0.0
0.0
0.0
0.0
0.0
0.0
0.0
0.0
0.0
0.0
0.0
0.0
0.0
0.0
0.0
0.0
0.0
0.0
0.0
0.0
0.0
0.0
0.0
0.0
0.0
0.0
0.0
0.0
0.0
0.0
0.0
0.0
0.0
0.0
0.0
0.0
0.0
0.0
0.0
0.0
0.0
0.0
0.0
0.0
0.0
0.0
0.0
0.0
0.0
0.0
0.0
0.0
0.0
0.0
0.0
0.0
0.0
0.0
0.0
0.0
0.0
0.0
0.0
0.0
0.0
0.0
0.0
0.0
0.0
0.0
0.0
0.0
0.0
0.0
0.0
0.0
0.0
0.0
0.0
0.0
0.0
0.0
0.0
0.0
0.0
0.0
0.0
0.0
0.0
0.0
0.0
0.0
0.0
0.0
0.0
0.0
0.0
0.0
0.0
0.0
0.0
0.0
